image_width: 640
image_height: 480
camera_name: right
camera_matrix:
  rows: 3
  cols: 3
  data: [563.96493,   0.     , 318.37099,
           0.     , 564.05916, 206.08871,
           0.     ,   0.     ,   1.     ]
distortion_model: plumb_bob
distortion_coefficients:
  rows: 1
  cols: 5
  data: [0.132604, -0.179744, -0.022499, -0.004081, 0.000000]
rectification_matrix:
  rows: 3
  cols: 3
  data: [ 0.98845869, -0.0055163 , -0.15139016,
          0.00503395,  0.99998096, -0.00356922,
          0.15140697,  0.00276594,  0.98846764]
projection_matrix:
  rows: 3
  cols: 4
  data: [622.43386,   0.     , 450.12713, -32.28605,
           0.     , 622.43386, 192.36545,   0.     ,
           0.     ,   0.     ,   1.     ,   0.     ]
